120.34883720930233 61.74418604651163
119.51162790697674 67.81395348837209
119.51162790697674 76.18604651162791
119.51162790697674 82.25581395348837
119.72093023255815 89.37209302325581
126 90.20930232558139
133.32558139534885 88.53488372093024
140.86046511627907 89.79069767441861
143.58139534883722 95.86046511627907
142.74418604651163 104.65116279069768
137.51162790697674 107.79069767441861
131.86046511627907 108.4186046511628
127.25581395348837 106.32558139534883
121.81395348837209 105.90697674418605
121.18604651162791 112.18604651162791
121.39534883720931 118.25581395348837
121.18604651162791 124.11627906976744
121.39534883720931 128.93023255813955
129.34883720930233 129.55813953488374
136.04651162790697 129.7674418604651
141.06976744186048 130.18604651162792
146.51162790697674 130.18604651162792
146.93023255813955 124.53488372093024
145.46511627906978 118.25581395348837
145.46511627906978 113.23255813953489
146.93023255813955 110.30232558139535
149.02325581395348 107.79069767441861
152.37209302325581 105.69767441860465
157.6046511627907 105.69767441860465
144.8372093023256 100.25581395348837
163.46511627906978 108.62790697674419
164.51162790697674 114.06976744186046
163.25581395348837 121.6046511627907
163.04651162790697 128.51162790697674
169.53488372093022 130.3953488372093
175.3953488372093 130.6046511627907
183.34883720930233 130.3953488372093
189.2093023255814 130.6046511627907
189.2093023255814 122.65116279069768
189.62790697674419 115.32558139534883
189.8372093023256 109.04651162790698
189.62790697674419 103.18604651162791
195.06976744186048 103.18604651162791
200.09302325581396 105.69767441860465
206.58139534883722 104.86046511627907
211.3953488372093 102.13953488372093
213.90697674418604 97.11627906976744
212.2325581395349 90.4186046511628
207.2093023255814 86.02325581395348
201.34883720930233 85.3953488372093
195.69767441860466 88.32558139534883
189 87.90697674418605
188.1627906976744 81.83720930232559
187.74418604651163 73.88372093023256
189.41860465116278 67.3953488372093
187.74418604651163 61.116279069767444
176.2325581395349 61.53488372093023
165.97674418604652 61.32558139534884
161.37209302325581 61.116279069767444
161.58139534883722 54.418604651162795
164.51162790697674 48.55813953488372
164.30232558139537 42.06976744186046
160.53488372093022 37.674418604651166
154.46511627906978 36.83720930232558
150.27906976744185 37.46511627906977
146.72093023255815 39.97674418604651
145.04651162790697 43.95348837209303
145.25581395348837 49.395348837209305
145.88372093023256 54
146.51162790697674 59.23255813953489
145.88372093023256 62.372093023255815
140.02325581395348 62.372093023255815
133.53488372093022 62.372093023255815
127.04651162790698 61.95348837209303
61.116279069767444 114.27906976744187
61.116279069767444 109.67441860465117
60.06976744186046 104.44186046511628
58.18604651162791 99.4186046511628
58.81395348837209 95.0232558139535
61.32558139534884 90.83720930232559
64.88372093023256 88.74418604651163
71.5813953488372 87.90697674418605
77.23255813953489 89.37209302325581
81 93.13953488372093
82.04651162790698 99.20930232558139
80.5813953488372 104.44186046511628
79.53488372093024 110.30232558139535
79.95348837209302 115.32558139534883
85.6046511627907 115.32558139534883
94.3953488372093 115.74418604651163
100.67441860465117 116.16279069767442
108.4186046511628 115.74418604651163
108.4186046511628 127.25581395348837
108.83720930232559 134.58139534883722
109.88372093023256 143.37209302325581
114.48837209302326 146.30232558139537
120.55813953488372 145.25581395348837
126 143.7906976744186
133.11627906976744 145.04651162790697
137.09302325581396 149.65116279069767
137.72093023255815 156.97674418604652
134.7906976744186 163.67441860465118
129.13953488372093 165.7674418604651
121.18604651162791 165.34883720930233
115.32558139534883 164.09302325581396
110.72093023255815 163.88372093023256
110.30232558139535 169.11627906976744
110.72093023255815 175.6046511627907
110.51162790697674 181.046511627907
110.30232558139535 187.11627906976744
109.88372093023256 192.55813953488374
103.3953488372093 194.02325581395348
95.86046511627907 194.65116279069767
89.37209302325581 194.4418604651163
83.30232558139535 194.86046511627907
79.11627906976744 194.65116279069767
79.11627906976744 199.25581395348837
81.83720930232559 205.11627906976744
83.09302325581396 210.55813953488374
79.53488372093024 216.4186046511628
74.30232558139535 220.3953488372093
66.76744186046511 220.3953488372093
60.906976744186046 216.8372093023256
59.44186046511628 209.09302325581396
60.906976744186046 202.3953488372093
61.74418604651163 195.48837209302326
61.53488372093023 192.13953488372093
52.32558139534884 191.72093023255815
44.58139534883721 191.51162790697674
38.51162790697674 191.09302325581396
32.86046511627907 190.046511627907
31.813953488372093 182.72093023255815
32.23255813953489 175.18604651162792
33.69767441860465 168.06976744186048
31.3953488372093 162
25.325581395348838 163.04651162790697
18 165.7674418604651
8.790697674418604 164.93023255813955
3.558139534883721 159.48837209302326
2.302325581395349 153.2093023255814
4.813953488372093 147.34883720930233
10.046511627906977 144.62790697674419
15.069767441860465 144.41860465116278
21.767441860465116 146.30232558139537
27 146.51162790697674
30.976744186046513 146.51162790697674
31.186046511627907 141.48837209302326
30.976744186046513 134.58139534883722
30.976744186046513 126.83720930232559
30.348837209302328 119.09302325581396
30.558139534883722 114.90697674418605
39.348837209302324 114.90697674418605
45.627906976744185 114.90697674418605
53.372093023255815 114.69767441860465
57.97674418604651 114.69767441860465
109.25581395348837 121.39534883720931
104.0232558139535 115.74418604651163
